Rata
Zadłużenie
Rata kapitałowa
Odsetki
Wysokość raty
Nadpłata
1
500 000,00
1 321,33
3 750,00
5 071,33
1 000,00
2
497 678,67
1 328,5
3 732,59
5 061,16
1 000,00
3
495 350,09
1 335,84
3 715,13
5 050,97
1 000,00
4
493 014,25
1 343,14
3 697,61
5 040,74
1 000,00
5
490 671,12
1 350,46
3 680,03
5 030,49
1 000,00
6
488 320,66
1 357,80
3 662,40
5 020,21
1 000,00
7
485 962,86
1 365,18
3 644,72
5 009,90
1 000,00
8
483 597,68
1 372,58
3 626,98
4 999,56
1 000,00
9
481 225,10
1 380,01
3 609,19
4 989,19
1 000,00
10
478 845,09
1 387,46
3 591,34
4 978,80
1 000,00
11
476 457,63
1 394,94
3 573,43
4 968,37
1 000,00
12
474 062,70
1 402,44
3 555,47
4 957,91
1 000,00
13
471 660,26
1 409,97
3 537,45
4 947,42
1 000,00
14
469 250,29
1 417,52
3 519,38
4 936,90
1 000,00
15
466 832,76
1 425,10
3 501,25
4 926,35
1 000,00
16
464 407,66
1 432,71
3 483,06
4 915,76
1 000,00
17
461 974,96
1 440,33
3 464,81
4 905,15
1 000,00
18
459 534,62
1 447,98
3 446,51
4 894,49
1 000,00
19
457 086,64
1 455,66
3 428,15
4 883,81
1 000,00
20
454 630,98
1 463,36
3 409,73
4 873,09
1 000,00
21
452 167,62
1 471,08
3 391,26
4 862,34
1 000,00
22
449 696,54
1 478,82
3 372,72
4 851,55
1 000,00
23
447 217,72
1 486,59
3 354,13
4 840,72
1 000,00
24
444 731,12
1 494,38
3 335,48
4 829,86
1 000,00
25
442 236,74
1 502,19
3 316,78
4 818,97
1 000,00
26
439 734,55
1 510,02
3 298,01
4 808,03
1 000,00
27
437 224,53
1 517,88
3 279,18
4 797,06
1 000,00
28
434 706,65
1 525,75
3 260,30
4 786,05
1 000,00
29
432 180,90
1 533,65
3 241,36
4 775,00
1 000,00
30
429 647,25
1 541,56
3 222,35
4 763,92
1 000,00
31
427 105,69
1 549,50
3 203,29
4 752,79
1 000,00
32
424 556,19
1 557,45
3 184,17
4 741,62
1 000,00
33
421 998,75
1 565,42
3 164,99
4 730,41
1 000,00
34
419 433,33
1 573,41
3 145,75
4 719,16
1 000,00
35
416 859,92
1 581,42
3 126,45
4 707,86
1 000,00
36
414 278,50
1 589,44
3 107,09
4 696,53
1 000,00
37
411 689,06
1 597,48
3 087,67
4 685,15
1 000,00
38
409 091,58
1 605,54
3 068,19
4 673,72
1 000,00
39
406 486,05
1 613,61
3 048,65
4 662,25
1 000,00
40
403 872,44
1 621,69
3 029,04
4 650,74
1 000,00
41
401 250,74
1 629,80
3 009,38
4 639,18
1 000,00
42
398 620,95
1 637,91
2 989,66
4 627,57
1 000,00
43
395 983,04
1 646,04
2 969,87
4 615,91
1 000,00
44
393 337,00
1 654,18
2 950,03
4 604,21
1 000,00
45
390 682,82
1 662,33
2 930,12
4 592,45
1 000,00
46
388 020,49
1 670,49
2 910,15
4 580,65
1 000,00
47
385 350,00
1 678,66
2 890,13
4 568,79
1 000,00
48
382 671,34
1 686,85
2 870,04
4 556,88
1 000,00
49
379 984,49
1 695,04
2 849,88
4 544,92
1 000,00
50
377 289,45
1 703,23
2 829,67
4 532,91
1 000,00
51
374 586,22
1 711,44
2 809,40
4 520,84
1 000,00
52
371 874,78
1 719,65
2 789,06
4 508,71
1 000,00
53
369 155,13
1 727,87
2 768,66
4 496,53
1 000,00
54
366 427,26
1 736,09
2 748,20
4 484,29
1 000,00
55
363 691,17
1 744,31
2 727,68
4 472,00
1 000,00
56
360 946,86
1 752,54
2 707,10
4 459,64
1 000,00
57
358 194,32
1 760,77
2 686,46
4 447,23
1 000,00
58
355 433,55
1 769,00
2 665,75
4 434,75
1 000,00
59
352 664,55
1 777,23
2 644,98
4 422,21
1 000,00
60
349 887,32
1 785,45
2 624,15
4 409,61
1 000,00
61
347 101,87
1 793,68
2 603,26
4 396,94
1 000,00
62
344 308,19
1 801,89
2 582,31
4 384,21
1 000,00
63
341 506,30
1 810,11
2 561,30
4 371,41
1 000,00
64
338 696,19
1 818,32
2 540,22
4 358,54
1 000,00
65
335 877,87
1 826,52
2 519,08
4 345,60
1 000,00
66
333 051,36
1 834,71
2 497,89
4 332,59
1 000,00
67
330 216,65
1 842,88
2 476,62
4 319,51
1 000,00
68
327 373,77
1 851,05
2 455,30
4 306,36
1 000,00
69
324 522,72
1 859,21
2 433,92
4 293,13
1 000,00
70
321 663,51
1 867,34
2 412,48
4 279,82
1 000,00
71
318 796,16
1 875,47
2 390,97
4 266,44
1 000,00
72
315 920,70
1 883,57
2 369,41
4 252,98
1 000,00
73
313 037,13
1 891,65
2 347,78
4 239,43
1 000,00
74
310 145,47
1 899,72
2 326,09
4 225,81
1 000,00
75
307 245,76
1 907,76
2 304,34
4 212,10
1 000,00
76
304 338,00
1 915,77
2 282,53
4 198,30
1 000,00
77
301 422,23
1 923,75
2 260,67
4 184,42
1 000,00
78
298 498,48
1 931,71
2 238,74
4 170,45
1 000,00
79
295 566,76
1 939,64
2 216,75
4 156,39
1 000,00
80
292 627,13
1 947,53
2 194,70
4 142,23
1 000,00
81
289 679,60
1 955,39
2 172,60
4 127,98
1 000,00
82
286 724,21
1 963,20
2 150,43
4 113,64
1 000,00
83
283 761,01
1 970,98
2 128,21
4 099,19
1 000,00
84
280 790,03
1 978,72
2 105,93
4 084,64
1 000,00
85
277 811,31
1 986,41
2 083,58
4 069,99
1 000,00
86
274 824,90
1 994,05
2 061,19
4 055,24
1 000,00
87
271 830,85
2 001,64
2 038,73
4 040,37
1 000,00
88
268 829,21
2 009,18
2 016,22
4 025,40
1 000,00
89
265 820,03
2 016,66
1 993,65
4 010,31
1 000,00
90
262 803,37
2 024,09
1 971,03
3 995,11
1 000,00
91
259 779,28
2 031,45
1 948,34
3 979,79
1 000,00
92
256 747,84
2 038,74
1 925,61
3 964,35
1 000,00
93
253 709,10
2 045,97
1 902,82
3 948,79
1 000,00
94
250 663,13
2 053,12
1 879,97
3 933,10
1 000,00
95
247 610,01
2 060,20
1 857,08
3 917,27
1 000,00
96
244 549,81
2 067,20
1 834,12
3 901,32
1 000,00
97
241 482,61
2 074,11
1 811,12
3 885,23
1 000,00
98
238 408,50
2 080,94
1 788,06
3 869,00
1 000,00
99
235 327,56
2 087,68
1 764,96
3 852,63
1 000,00
100
232 239,88
2 094,32
1 741,80
3 836,11
1 000,00
101
229 145,56
2 100,85
1 718,59
3 819,45
1 000,00
102
226 044,71
2 107,29
1 695,34
3 802,62
1 000,00
103
222 937,42
2 113,61
1 672,03
3 785,64
1 000,00
104
219 823,81
2 119,82
1 648,68
3 768,50
1 000,00
105
216 703,99
2 125,91
1 625,28
3 751,19
1 000,00
106
213 578,08
2 131,87
1 601,84
3 733,71
1 000,00
107
210 446,20
2 137,70
1 578,35
3 716,05
1 000,00
108
207 308,50
2 143,40
1 554,81
3 698,21
1 000,00
109
204 165,10
2 148,95
1 531,24
3 680,19
1 000,00
110
201 016,15
2 154,35
1 507,62
3 661,97
1 000,00
111
197 861,81
2 159,59
1 483,96
3 643,55
1 000,00
112
194 702,22
2 164,67
1 460,27
3 624,94
1 000,00
113
191 537,55
2 169,58
1 436,53
3 606,11
1 000,00
114
188 367,97
2 174,31
1 412,76
3 587,07
1 000,00
115
185 193,66
2 178,85
1 388,95
3 567,80
1 000,00
116
182 014,82
2 183,19
1 365,11
3 548,31
1 000,00
117
178 831,62
2 187,34
1 341,24
3 528,57
1 000,00
118
175 644,28
2 191,27
1 317,33
3 508,60
1 000,00
119
172 453,02
2 194,97
1 293,40
3 488,37
1 000,00
120
169 258,04
2 198,45
1 269,44
3 467,88
1 000,00
121
166 059,60
2 201,68
1 245,45
3 447,12
1 000,00
122
162 857,92
2 204,65
1 221,43
3 426,09
1 000,00
123
159 653,27
2 207,36
1 197,40
3 404,76
1 000,00
124
156 445,91
2 209,79
1 173,34
3 383,14
1 000,00
125
153 236,11
2 211,93
1 149,27
3 361,20
1 000,00
126
150 024,18
2 213,76
1 125,18
3 338,95
1 000,00
127
146 810,42
2 215,28
1 101,08
3 316,36
1 000,00
128
143 595,14
2 216,46
1 076,96
3 293,42
1 000,00
129
140 378,69
2 217,29
1 052,84
3 270,13
1 000,00
130
137 161,40
2 217,75
1 028,71
3 246,46
1 000,00
131
133 943,66
2 217,82
1 004,58
3 222,40
1 000,00
132
130 725,83
2 217,49
980,44
3 197,94
1 000,00
133
127 508,34
2 216,74
956,31
3 173,05
1 000,00
134
124 291,60
2 215,54
932,19
3 147,73
1 000,00
135
121 076,07
2 213,87
908,07
3 121,94
1 000,00
136
117 862,20
2 211,71
883,97
3 095,68
1 000,00
137
114 650,49
2 209,03
859,88
3 068,91
1 000,00
138
111 441,46
2 205,80
835,81
3 041,61
1 000,00
139
108 235,66
2 202,00
811,77
3 013,77
1 000,00
140
105 033,65
2 197,59
787,75
2 985,35
1 000,00
141
101 836,06
2 192,55
763,77
2 956,32
1 000,00
142
98 643,51
2 186,82
739,83
2 926,65
1 000,00
143
95 456,69
2 180,38
715,93
2 896,31
1 000,00
144
92 276,31
2 173,18
692,07
2 865,26
1 000,00
145
89 103,13
2 165,18
668,27
2 833,46
1 000,00
146
85 937,95
2 156,33
644,53
2 800,86
1 000,00
147
82 781,62
2 146,57
620,86
2 767,43
1 000,00
148
79 635,04
2 135,85
597,26
2 733,11
1 000,00
149
76 499,19
2 124,10
573,74
2 697,85
1 000,00
150
73 375,09
2 111,26
550,31
2 661,57
1 000,00
151
70 263,83
2 097,25
526,98
2 624,22
1 000,00
152
67 166,59
2 081,98
503,75
2 585,73
1 000,00
153
64 084,61
2 065,36
480,63
2 546,00
1 000,00
154
61 019,24
2 047,30
457,64
2 504,95
1 000,00
155
57 971,94
2 027,68
434,79
2 462,47
1 000,00
156
54 944,26
2 006,37
412,08
2 418,45
1 000,00
157
51 937,89
1 983,23
389,53
2 372,77
1 000,00
158
48 954,65
1 958,11
367,16
2 325,27
1 000,00
159
45 996,54
1 930,82
344,97
2 275,79
1 000,00
160
43 065,72
1 901,15
322,99
2 224,15
1 000,00
161
40 164,57
1 868,88
301,23
2 170,12
1 000,00
162
37 295,69
1 833,73
279,72
2 113,45
1 000,00
163
34 461,95
1 795,39
258,46
2 053,85
1 000,00
164
31 666,57
1 753,48
237,50
1 990,98
1 000,00
165
28 913,09
1 707,57
216,85
1 924,42
1 000,00
166
26 205,52
1 657,14
196,54
1 853,68
1 000,00
167
23 548,37
1 601,56
176,61
1 778,17
1 000,00
168
20 946,81
1 540,05
157,10
1 697,15
1 000,00
169
18 406,76
1 471,65
138,05
1 609,70
1 000,00
170
15 935,12
1 395,13
119,51
1 514,65
1 000,00
171
13 539,98
1 308,93
101,55
1 410,48
1 000,00
172
11 231,06
1 210,92
84,23
1 295,16
1 000,00
173
9 020,13
1 098,25
67,65
1 165,90
1 000,00
174
6 921,88
966,81
51,91
1 018,73
1 000,00
175
4 955,07
810,49
37,16
847,66
1 000,00
176
3 144,57
619,55
23,58
643,14
1 000,00
177
1 525,02
376,99
11,44
388,43
1 000,00
178
148,03
48,97
1,11
50,08
1 000,00
179
-900,95
-900,95
-6,76
-907,70
1000,00